left0073.jpg
[8, 196, 0, 0, 0, 0, 0, 0]
left0053.jpg
[0, 0, 2, 0, 0, 0, 2, 0]
left0000.jpg
[0, 0, 16, 0, 0, 0, 2, 0]
left0048.jpg
[0, 32, 0, 0, 0, 0, 0, 0]
left0040.jpg
[8, 0, 0, 0, 0, 0, 2, 0]
left0060.jpg
[0, 0, 0, 0, 0, 0, 0, 0]
left0011.jpg
[0, 16, 0, 0, 0, 0, 0, 0]
left0007.jpg
[0, 0, 0, 0, 0, 0, 0, 0]
left0050.jpg
[0, 16, 0, 0, 0, 64, 0, 0]
left0081.jpg
[0, 8, 0, 0, 0, 0, 0, 0]
left0070.jpg
[0, 0, 128, 0, 0, 0, 0, 0]
left0096.jpg
[0, 0, 0, 0, 0, 0, 0, 0]
left0029.jpg
[0, 0, 0, 0, 0, 0, 0, 0]
left0093.jpg
[0, 0, 0, 0, 0, 0, 0, 0]
left0005.jpg
[8, 0, 0, 0, 0, 0, 0, 0]
left0080.jpg
[0, 8, 0, 0, 0, 0, 66, 0]
left0035.jpg
[0, 8, 0, 0, 0, 0, 0, 48]
left0072.jpg
[0, 64, 128, 2, 0, 0, 0, 16]
left0099.jpg
[0, 0, 0, 0, 0, 0, 0, 0]
left0033.jpg
[0, 0, 0, 0, 0, 0, 0, 0]
left0009.jpg
[0, 16, 0, 0, 0, 0, 0, 0]
left0084.jpg
[0, 0, 0, 0, 0, 0, 0, 0]
left0079.jpg
[0, 4, 0, 0, 0, 0, 2, 0]
left0074.jpg
[0, 8, 0, 0, 0, 0, 2, 0]
left0015.jpg
[0, 32, 0, 0, 0, 0, 0, 0]
left0002.jpg
[0, 0, 64, 0, 0, 0, 0, 16]
left0100.jpg
[0, 0, 0, 0, 0, 0, 0, 0]
left0098.jpg
[0, 0, 0, 0, 0, 0, 0, 0]
left0047.jpg
[8, 48, 0, 0, 0, 0, 0, 0]
left0049.jpg
[0, 32, 0, 0, 0, 0, 0, 0]
left0069.jpg
[0, 0, 128, 0, 0, 0, 0, 0]
left0083.jpg
[0, 8, 0, 0, 0, 0, 0, 0]
left0067.jpg
[0, 16, 0, 16, 0, 0, 0, 0]
left0071.jpg
[0, 0, 64, 0, 0, 0, 2, 0]
left0021.jpg
[0, 0, 32, 0, 0, 0, 0, 0]
left0044.jpg
[8, 16, 0, 0, 0, 0, 0, 0]
left0085.jpg
[0, 0, 0, 0, 0, 0, 0, 0]
left0057.jpg
[0, 8, 0, 16, 0, 0, 0, 0]
left0089.jpg
[0, 0, 0, 0, 0, 0, 0, 0]
left0068.jpg
[0, 16, 0, 16, 0, 0, 0, 0]
left0097.jpg
[0, 0, 0, 0, 0, 0, 0, 0]
left0013.jpg
[0, 0, 0, 0, 0, 0, 0, 0]
left0030.jpg
[0, 0, 0, 0, 0, 0, 0, 0]
left0012.jpg
[0, 32, 32, 0, 0, 0, 0, 0]
left0025.jpg
[0, 8, 256, 0, 0, 0, 2, 0]
left0086.jpg
[0, 0, 0, 0, 0, 0, 0, 16]
left0078.jpg
[0, 4, 0, 0, 0, 0, 0, 0]
left0004.jpg
[0, 16, 0, 0, 0, 0, 0, 0]
left0045.jpg
[8, 0, 0, 0, 0, 0, 2, 0]
left0061.jpg
[0, 0, 0, 16, 0, 0, 0, 0]
left0088.jpg
[0, 0, 0, 0, 0, 0, 2, 0]
left0022.jpg
[0, 0, 32, 0, 0, 0, 0, 0]
left0038.jpg
[0, 16, 0, 0, 0, 0, 128, 0]
left0094.jpg
[0, 0, 0, 0, 0, 0, 0, 0]
left0036.jpg
[4, 8, 0, 0, 0, 0, 0, 0]
left0090.jpg
[0, 0, 0, 0, 0, 0, 0, 24]
left0017.jpg
[0, 32, 0, 0, 0, 0, 0, 0]
left0028.jpg
[0, 160, 0, 0, 0, 0, 0, 0]
left0058.jpg
[0, 24, 0, 0, 0, 0, 0, 0]
left0043.jpg
[0, 0, 0, 0, 0, 0, 2, 0]
left0032.jpg
[4, 32, 0, 0, 0, 0, 0, 16]
left0051.jpg
[16, 16, 0, 0, 0, 0, 2, 0]
left0082.jpg
[0, 8, 8, 0, 2, 0, 2, 0]
left0001.jpg
[0, 0, 64, 0, 0, 0, 0, 16]
left0087.jpg
[0, 0, 0, 0, 0, 0, 2, 0]
left0065.jpg
[0, 0, 16, 32, 0, 0, 0, 0]
left0018.jpg
[0, 0, 0, 0, 0, 0, 0, 0]
left0063.jpg
[0, 0, 16, 48, 0, 0, 0, 0]
left0024.jpg
[0, 0, 288, 0, 0, 0, 2, 0]
left0020.jpg
[0, 0, 0, 0, 0, 0, 2, 0]
left0062.jpg
[0, 0, 16, 0, 0, 0, 0, 0]
left0059.jpg
[0, 8, 0, 0, 2, 0, 2, 0]
left0041.jpg
[0, 0, 0, 0, 32, 0, 0, 0]
left0027.jpg
[68, 0, 0, 0, 0, 0, 0, 0]
left0095.jpg
[0, 0, 0, 0, 0, 0, 0, 0]
left0037.jpg
[0, 0, 0, 0, 0, 0, 0, 0]
left0075.jpg
[0, 0, 0, 0, 0, 0, 0, 0]
left0064.jpg
[0, 16, 16, 0, 0, 0, 0, 0]
left0014.jpg
[8, 0, 0, 0, 0, 0, 0, 0]
left0016.jpg
[0, 0, 0, 0, 0, 0, 0, 0]
left0046.jpg
[72, 0, 0, 0, 0, 0, 2, 0]
left0077.jpg
[0, 4, 0, 0, 0, 0, 0, 0]
left0019.jpg
[0, 0, 0, 0, 0, 0, 2, 16]
left0055.jpg
[0, 24, 0, 0, 0, 0, 0, 0]
left0054.jpg
[64, 0, 0, 0, 0, 0, 0, 0]
left0031.jpg
[0, 0, 0, 0, 0, 0, 0, 16]
left0042.jpg
[0, 16, 0, 0, 0, 0, 0, 0]
left0092.jpg
[0, 0, 0, 0, 0, 0, 0, 16]
left0006.jpg
[0, 0, 0, 0, 2, 0, 0, 0]
left0039.jpg
[0, 18, 0, 0, 0, 0, 2, 0]
left0091.jpg
[0, 0, 0, 0, 0, 0, 0, 0]
left0034.jpg
[0, 8, 0, 0, 0, 0, 0, 48]
left0003.jpg
[0, 0, 0, 0, 0, 0, 0, 0]
left0023.jpg
[0, 0, 288, 0, 0, 0, 0, 16]
left0056.jpg
[0, 24, 0, 0, 64, 0, 0, 0]
left0076.jpg
[0, 4, 0, 0, 0, 0, 0, 0]
left0052.jpg
[48, 16, 0, 0, 0, 0, 0, 0]
left0010.jpg
[0, 0, 0, 0, 0, 0, 0, 16]
left0026.jpg
[0, 0, 256, 0, 0, 0, 0, 0]
left0066.jpg
[0, 0, 16, 0, 0, 0, 0, 0]
left0008.jpg
[0, 0, 0, 0, 2, 0, 2, 0]
